[[ -54.22850724  -54.37082734  -54.79853225 ..., -102.61134042
  -102.38441637 -102.27894716]
 [ -49.28564353  -49.51086322  -49.9246993  ..., -111.6503726  -104.47327984
  -102.68740496]
 [ -41.08299949  -40.66618435  -39.10930782 ...,  -93.45673499  -91.3626849
   -90.38840475]
 ..., 
 [ -47.57480735  -47.90008817  -48.79902478 ..., -109.04363959
  -106.49176878 -105.65326692]
 [ -46.11562898  -46.58494238  -48.03423288 ..., -116.56174414
  -113.93350673 -112.79852217]
 [ -48.59189448  -48.95480541  -50.02817473 ..., -110.50241021
  -109.80905135 -109.64257938]]