9
10
11
12
13
14
15
16
17
18
20
21
22
23
24
25
27
28
29
30
<<<<<<< HEAD
31
32
34
35
36
37
38
39
40
41
=======
32
>>>>>>> b1cacbe0181974e1cb0c36c113f10ed3b58fa50c
42
43
44
45
46
47
49
50
52
53
54
56
57
59
61
63
64
69
72
73
75
76
77
83
87
89
150
151
152
153
154
155
156
157
158
159
160
161
162
163
164
165
166
167
168
169
171
183
184
185
186
187
188
190
191
192
193
194
195
<<<<<<< HEAD
196
197
=======
>>>>>>> b1cacbe0181974e1cb0c36c113f10ed3b58fa50c
198
200
201
202
203
205
275
276
277
278
280
281
282
284
286
287
288
289
290
291
293
295
296
297
298
301
305
369
370
371
372
373
374
376
377
378
380
381
382
383
384
386
387
388
389
390
391
392
393
394
395
396
397
398
400
401
402
403
405
<<<<<<< HEAD
406
407
=======
>>>>>>> b1cacbe0181974e1cb0c36c113f10ed3b58fa50c
408
409
410
412
413
<<<<<<< HEAD
414
415
416
417
=======
>>>>>>> b1cacbe0181974e1cb0c36c113f10ed3b58fa50c
418
420
422
423
424
426
428
430
431
432
434
436
<<<<<<< HEAD
437
=======
>>>>>>> b1cacbe0181974e1cb0c36c113f10ed3b58fa50c
438
439
440
441
443
445
<<<<<<< HEAD
446
447
448
449
451
452
453
455
457
458
459
460
461
463
464
465
467
468
469
470
472
474
476
477
478
479
480
482
483
485
489
491
496
498
500
502
507
=======
451
>>>>>>> b1cacbe0181974e1cb0c36c113f10ed3b58fa50c
