0.0
21.533203125
43.06640625
64.599609375
86.1328125
107.666015625
129.19921875
150.732421875
172.265625
193.798828125
215.33203125
236.865234375
258.3984375
279.931640625
301.46484375
322.998046875
344.53125
366.064453125
387.59765625
409.130859375
430.6640625
452.197265625
473.73046875
495.263671875
516.796875
538.330078125
559.86328125
581.396484375
602.9296875
624.462890625
645.99609375
667.529296875
689.0625
710.595703125
732.12890625
753.662109375
775.1953125
796.728515625
818.26171875
839.794921875
861.328125
882.861328125
904.39453125
925.927734375
947.4609375
968.994140625
990.52734375
1012.060546875
1033.59375
1055.126953125
1076.66015625
1098.193359375
1119.7265625
1141.259765625
1162.79296875
1184.326171875
1205.859375
1227.392578125
1248.92578125
1270.458984375
1291.9921875
1313.525390625
1335.05859375
1356.591796875
1378.125
1399.658203125
1421.19140625
1442.724609375
1464.2578125
1485.791015625
1507.32421875
1528.857421875
1550.390625
1571.923828125
1593.45703125
1614.990234375
1636.5234375
1658.056640625
1679.58984375
1701.123046875
1722.65625
1744.189453125
1765.72265625
1787.255859375
1808.7890625
1830.322265625
1851.85546875
1873.388671875
1894.921875
1916.455078125
1937.98828125
1959.521484375
1981.0546875
2002.587890625
2024.12109375
2045.654296875
2067.1875
2088.720703125
2110.25390625
2131.787109375
2153.3203125
2174.853515625
2196.38671875
2217.919921875
2239.453125
2260.986328125
2282.51953125
2304.052734375
2325.5859375
2347.119140625
2368.65234375
2390.185546875
2411.71875
2433.251953125
2454.78515625
2476.318359375
2497.8515625
2519.384765625
2540.91796875
2562.451171875
2583.984375
2605.517578125
2627.05078125
2648.583984375
2670.1171875
2691.650390625
2713.18359375
2734.716796875
2756.25
2777.783203125
2799.31640625
2820.849609375
2842.3828125
2863.916015625
2885.44921875
2906.982421875
2928.515625
2950.048828125
2971.58203125
2993.115234375
3014.6484375
3036.181640625
3057.71484375
3079.248046875
3100.78125
3122.314453125
3143.84765625
3165.380859375
3186.9140625
3208.447265625
3229.98046875
3251.513671875
3273.046875
3294.580078125
3316.11328125
3337.646484375
3359.1796875
3380.712890625
3402.24609375
3423.779296875
3445.3125
3466.845703125
3488.37890625
3509.912109375
3531.4453125
3552.978515625
3574.51171875
3596.044921875
3617.578125
3639.111328125
3660.64453125
3682.177734375
3703.7109375
3725.244140625
3746.77734375
3768.310546875
3789.84375
3811.376953125
3832.91015625
3854.443359375
3875.9765625
3897.509765625
3919.04296875
3940.576171875
3962.109375
3983.642578125
4005.17578125
4026.708984375
4048.2421875
4069.775390625
4091.30859375
4112.841796875
4134.375
4155.908203125
4177.44140625
4198.974609375
4220.5078125
4242.041015625
4263.57421875
4285.107421875
4306.640625
4328.173828125
4349.70703125
4371.240234375
4392.7734375
4414.306640625
4435.83984375
4457.373046875
4478.90625
4500.439453125
4521.97265625
4543.505859375
4565.0390625
4586.572265625
4608.10546875
4629.638671875
4651.171875
4672.705078125
4694.23828125
4715.771484375
4737.3046875
4758.837890625
4780.37109375
4801.904296875
4823.4375
4844.970703125
4866.50390625
4888.037109375
4909.5703125
4931.103515625
4952.63671875
4974.169921875
4995.703125
